$ 65 0.0000049999999999999996 2.5790339917193066 44 5 50 5e-11
g 704 544 704 560 0 0
c 704 464 704 544 0 0.000001 8.099763889619688 0
r 624 544 624 464 0 10000
w 624 464 704 464 0
w 704 464 816 464 0
183 816 464 896 464 0 0.5 4 8 12 0
d 896 352 704 352 2 default
w 896 352 896 464 0
w 704 352 704 464 0
g 624 544 624 560 0 0
a 624 336 544 336 8 15 -15 1000000 8.09968289279076 8.099763889619688 100000
w 544 336 544 272 0
w 544 272 624 272 0
w 624 272 624 320 0
w 704 352 624 352 0
O 368 336 320 336 0 0
c 544 336 480 336 0 0.000001 8.826736523685828 0.001
r 480 336 480 400 0 100000
g 480 400 480 416 0 0
r 432 336 368 336 0 10000
r 368 336 368 400 0 10000
g 368 400 368 416 0 0
w 480 336 480 304 0
w 480 336 432 336 0
o 22 64 0 4099 20 0.00009765625 0 2 22 3
o 15 64 0 4098 5 0.1 1 1
