$ 65 0.0000049999999999999996 21.593987231061412 44 5 50 5e-11
g 704 544 704 560 0 0
c 704 464 704 544 0 0.000001 6.867687676020196 0
r 624 544 624 464 0 10000
w 624 464 704 464 0
w 704 464 816 464 0
183 816 464 896 464 0 0.5 4 8 12 0
d 896 352 704 352 2 default
w 896 352 896 464 0
w 704 352 704 464 0
g 624 544 624 560 0 0
a 624 336 544 336 8 15 -15 1000000 6.8676189998301975 6.867687676020196 100000
w 544 336 544 272 0
w 544 272 624 272 0
w 624 272 624 320 0
w 704 352 624 352 0
O 480 336 432 336 0 0
c 544 336 480 336 0 0.000001 7.286366700616765 0.001
r 480 336 480 400 0 100000
g 480 400 480 416 0 0
o 15 64 0 4098 20 0.1 0 1
o 8 64 0 4099 20 6553.6 1 2 8 3
