$ 65 0.0000049999999999999996 0.010109782498721881 42 5 50 4e-11
g 704 544 704 560 0 0
c 704 464 704 544 0 0.000001 0 0
w 624 464 704 464 0
w 704 464 816 464 0
183 816 464 896 464 0 0.5 4 8 12 0
d 896 352 704 352 2 default
w 896 352 896 464 0
w 704 352 704 464 0
a 624 336 544 336 8 15 -15 1000000 6.353925340432047 6.353988879685453 100000
w 544 336 544 272 0
w 544 272 624 272 0
w 624 272 624 320 0
w 704 352 624 352 0
O 368 336 320 336 0 0
c 544 336 480 336 0 0.000001 0.001 0.001
r 480 336 480 400 0 100000
g 480 400 480 416 0 0
r 432 336 368 336 0 10000
r 368 336 368 400 0 10000
g 368 400 368 416 0 0
w 480 336 480 304 0
w 480 336 432 336 0
w 624 464 624 576 0
g 448 576 448 608 0 0
174 448 512 448 576 1 100000 0.203 Resistance
R 448 512 448 480 0 0 40 12 0 0 0.5
r 464 544 528 544 0 100000
r 528 640 464 640 0 100000
w 528 544 528 592 0
w 528 640 528 592 0
w 528 592 576 592 0
r 576 592 576 656 0 10000
g 576 656 576 688 0 0
172 464 640 432 640 0 7 0 5 0 0 0.5 Voltage
t 592 592 624 592 0 1 -5.244889666573833 1.1090992131116197 800 spice-default
g 624 608 624 640 0 0
w 576 592 592 592 0
o 7 64 0 4099 1280 6553.6 0 2 7 3
o 36 64 0 4099 1.25 0.00009765625 1 2 36 3
