$ 65 0.0000049999999999999996 382.76258214399064 99 5 50 1e-12
g 624 496 624 512 0 0
t 592 448 624 448 0 1 -3.3188578877030683 0.6830980664380103 800 default
w 624 432 624 384 0
w 624 464 624 496 0
183 736 384 736 448 0 0.5 2 4 5 0
c 736 352 736 336 0 5.0000000000000004e-8 4.001955954141079 4
g 736 336 736 320 0 0
w 736 352 736 384 0
d 784 448 784 384 2 default
w 736 448 784 448 0
w 784 384 736 384 0
172 448 528 400 528 0 7 0 5 0 0 0.5 Voltage
w 624 384 736 384 0
174 416 384 416 432 1 100000 0.005 Resistance
R 416 384 416 352 0 0 40 12 0 0 0.5
g 416 448 416 464 0 0
w 432 416 448 416 0
r 448 416 480 416 0 100000
w 480 416 496 416 0
w 496 416 496 448 0
r 448 528 480 528 0 100000
w 496 448 496 528 0
w 496 528 480 528 0
r 544 480 544 512 0 10000
g 544 512 544 528 0 0
w 544 448 592 448 0
w 496 448 544 448 0
w 544 448 544 480 0
w 784 384 832 384 0
a 832 368 912 368 8 15 -15 1000000 4.001915934981729 4.001955954141079 100000
w 912 368 912 304 0
w 912 304 832 304 0
w 832 304 832 352 0
w 976 368 1008 368 0
r 1008 368 1040 368 0 1000
w 1040 368 1040 400 0
w 1040 368 1072 368 0
r 1040 400 1040 432 0 500
g 1040 432 1040 448 0 0
O 1072 368 1104 368 0 0
w 912 368 928 368 0
c 944 368 928 368 0 0.00001 -12.171574932835298 0.001
w 944 368 976 368 0
w 976 368 976 400 0
r 976 400 976 432 0 100000
g 976 432 976 448 0 0
o 28 64 0 4099 640 0.00009765625 0 2 28 3
o 33 64 0 4099 20 0.0125 1 2 33 3
o 36 64 0 4099 5 0.00009765625 2 2 36 3
o 25 64 0 4099 1.25 0.00009765625 3 2 25 3
o 40 64 0 4099 20 0.0125 4 2 40 3
