$ 65 0.0000049999999999999996 10.20027730826997 48 5 50 1e-12
g 624 496 624 512 0 0
t 592 448 624 448 0 1 -5.720432671188411 0.12 800 default
w 624 432 624 384 0
w 624 464 624 496 0
183 736 384 736 448 0 0.5 2 4 5 0
c 736 352 736 336 0 0.000001 5.840432671188411 4
g 736 336 736 320 0 0
w 736 352 736 384 0
d 784 448 784 384 2 default
w 736 448 784 448 0
w 784 384 736 384 0
172 592 448 544 448 0 7 0.12 1 0 0 0.5 Voltage
w 624 384 736 384 0
o 2 64 0 4099 10 204.8 0 2 2 3
o 10 64 0 4099 10 409.6 1 2 10 3
